   9.6800000e+01   5.0000000e+01   1.4227800e+02   1.0808900e-04
   8.4300000e+01   5.0000000e+01   1.1911600e+02   9.4131400e-05
   7.4100000e+01   5.0000000e+01   1.0127300e+02   8.2741900e-05
   6.4900000e+01   5.0000000e+01   8.5148000e+01   7.2468900e-05
   5.5200000e+01   5.0000000e+01   6.9200000e+01   6.1637700e-05
   4.4300000e+01   5.0000000e+01   5.2152000e+01   4.9466500e-05
   3.4600000e+01   5.0000000e+01   3.8455000e+01   3.8635200e-05
   2.6600000e+01   5.0000000e+01   2.8042000e+01   2.9702200e-05
   1.6500000e+01   5.0000000e+01   1.6206000e+01   1.8424300e-05
   8.0000000e+00   5.0000000e+01   7.4880000e+00   8.9329900e-06
   9.6800000e+01   5.0000000e+01   1.4587900e+02   1.0808900e-04
   8.3600000e+01   5.0000000e+01   1.1906600e+02   9.3349800e-05
   7.4600000e+01   5.0000000e+01   1.0279900e+02   8.3300200e-05
   6.5200000e+01   5.0000000e+01   8.6059000e+01   7.2803900e-05
   5.4900000e+01   5.0000000e+01   6.8860000e+01   6.1302700e-05
   4.4600000e+01   5.0000000e+01   5.2727000e+01   4.9801400e-05
   3.5100000e+01   5.0000000e+01   3.9049000e+01   3.9193500e-05
   2.5600000e+01   5.0000000e+01   2.6656000e+01   2.8585600e-05
   1.6000000e+01   5.0000000e+01   1.5498000e+01   1.7866000e-05
   8.4000000e+00   5.0000000e+01   7.6820000e+00   9.3796400e-06
   9.6300000e+01   5.0000000e+01   6.3882000e+01   3.6022900e-05
   8.5500000e+01   5.0000000e+01   5.4682000e+01   3.1982900e-05
   7.5700000e+01   5.0000000e+01   4.6716000e+01   2.8317000e-05
   6.5900000e+01   5.0000000e+01   3.9242000e+01   2.4651200e-05
   5.5800000e+01   5.0000000e+01   3.1803000e+01   2.0873100e-05
   4.4900000e+01   5.0000000e+01   2.4365000e+01   1.6795700e-05
   3.5300000e+01   5.0000000e+01   1.8245000e+01   1.3204600e-05
   2.6600000e+01   5.0000000e+01   1.3118000e+01   9.9502400e-06
   1.5900000e+01   5.0000000e+01   7.3160000e+00   5.9477000e-06
   8.0000000e+00   5.0000000e+01   3.5150000e+00   2.9925500e-06
   8.5700000e+01   5.0000000e+01   5.4806000e+01   3.2057700e-05
   7.4900000e+01   5.0000000e+01   4.6183000e+01   2.8017800e-05
   6.4400000e+01   5.0000000e+01   3.8155000e+01   2.4090100e-05
   5.5000000e+01   5.0000000e+01   3.1313000e+01   2.0573800e-05
   4.3400000e+01   5.0000000e+01   2.3448000e+01   1.6234600e-05
   3.6100000e+01   5.0000000e+01   1.8786000e+01   1.3503900e-05
   2.6700000e+01   5.0000000e+01   1.3264000e+01   9.9876500e-06
   1.7000000e+01   5.0000000e+01   7.9470000e+00   6.3591800e-06
   7.5000000e+00   5.0000000e+01   3.3560000e+00   2.8055200e-06
   9.6400000e+01   5.0000000e+01   1.9045000e+01   7.2479300e-06
   8.4600000e+01   5.0000000e+01   1.6231000e+01   6.3607400e-06
   7.6000000e+01   5.0000000e+01   1.4282000e+01   5.7141400e-06
   6.7400000e+01   5.0000000e+01   1.2403000e+01   5.0675400e-06
   5.0100000e+01   5.0000000e+01   8.7660000e+00   3.7668200e-06
   4.7200000e+01   5.0000000e+01   8.2280000e+00   3.5487800e-06
   3.6100000e+01   5.0000000e+01   6.1100000e+00   2.7142200e-06
   2.6300000e+01   5.0000000e+01   4.3290000e+00   1.9773900e-06
   1.6100000e+01   5.0000000e+01   2.5981000e+00   1.2105000e-06
   8.5000000e+00   5.0000000e+01   1.4737000e+00   6.3908100e-07
   9.6700000e+01   5.0000000e+01   1.8858000e+01   7.2704900e-06
   8.2800000e+01   5.0000000e+01   1.5561000e+01   6.2254000e-06
   7.6700000e+01   5.0000000e+01   1.4114000e+01   5.7667700e-06
   6.6500000e+01   5.0000000e+01   1.1907000e+01   4.9998700e-06
   5.6100000e+01   5.0000000e+01   9.7110000e+00   4.2179400e-06
   4.5000000e+01   5.0000000e+01   7.4620000e+00   3.3833700e-06
   3.6200000e+01   5.0000000e+01   5.8350000e+00   2.7217300e-06
   2.5500000e+01   5.0000000e+01   3.9200000e+00   1.9172400e-06
   1.6000000e+01   5.0000000e+01   2.3419000e+00   1.2029800e-06
   8.0000000e+00   5.0000000e+01   1.1042000e+00   6.0148800e-07
   9.5800000e+01   5.0000000e+01   6.5120000e+00   1.7935700e-06
   8.5400000e+01   5.0000000e+01   5.6720000e+00   1.5988600e-06
   7.5100000e+01   5.0000000e+01   4.8720000e+00   1.4060300e-06
   6.5300000e+01   5.0000000e+01   4.1477000e+00   1.2225500e-06
   5.5100000e+01   5.0000000e+01   3.3977000e+00   1.0315900e-06
   4.5400000e+01   5.0000000e+01   2.7439000e+00   8.4998200e-07
   3.5300000e+01   5.0000000e+01   2.0919000e+00   6.6088900e-07
   2.4600000e+01   5.0000000e+01   1.3885000e+00   4.6056300e-07
   1.5900000e+01   5.0000000e+01   8.7870000e-01   2.9768100e-07
   8.6000000e+00   5.0000000e+01   4.5070000e-01   1.6101000e-07
   9.5500000e+01   5.0000000e+01   6.5390000e+00   1.7879600e-06
   8.4400000e+01   5.0000000e+01   5.6290000e+00   1.5801400e-06
   7.4100000e+01   5.0000000e+01   4.8460000e+00   1.3873100e-06
   6.5400000e+01   5.0000000e+01   4.2151000e+00   1.2244200e-06
   5.4700000e+01   5.0000000e+01   3.4072000e+00   1.0241000e-06
   4.6200000e+01   5.0000000e+01   2.8626000e+00   8.6496000e-07
   3.7000000e+01   5.0000000e+01   2.2281000e+00   6.9271600e-07
   2.4600000e+01   5.0000000e+01   1.4988000e+00   4.6056300e-07
   1.6800000e+01   5.0000000e+01   1.0602000e+00   3.1453100e-07
   8.5000000e+00   5.0000000e+01   5.3290000e-01   1.5913800e-07
   9.6700000e+01   5.0000000e+01   1.8875000e+00   3.6352400e-07
   8.4500000e+01   5.0000000e+01   1.6201000e+00   3.1766100e-07
   7.5400000e+01   5.0000000e+01   1.4298000e+00   2.8345100e-07
   6.4600000e+01   5.0000000e+01   1.2362000e+00   2.4285100e-07
   5.6700000e+01   5.0000000e+01   1.0815000e+00   2.1315200e-07
   4.5300000e+01   5.0000000e+01   8.6860000e-01   1.7029600e-07
   3.6200000e+01   5.0000000e+01   7.1990000e-01   1.3608700e-07
   2.6300000e+01   5.0000000e+01   5.4710000e-01   9.8869600e-08
   1.6000000e+01   5.0000000e+01   3.6240000e-01   6.0148800e-08
   8.2000000e+00   5.0000000e+01   2.1434000e-01   3.0826300e-08
   9.6100000e+01   5.0000000e+01   1.7391000e+00   3.6126900e-07
   8.5800000e+01   5.0000000e+01   1.5329000e+00   3.2254800e-07
   7.6200000e+01   5.0000000e+01   1.3133000e+00   2.8645900e-07
   6.4300000e+01   5.0000000e+01   1.0799000e+00   2.4172300e-07
   5.5500000e+01   5.0000000e+01   9.2440000e-01   2.0864100e-07
   4.4800000e+01   5.0000000e+01   7.7620000e-01   1.6841700e-07
   3.5500000e+01   5.0000000e+01   6.2510000e-01   1.3345500e-07
   2.7200000e+01   5.0000000e+01   4.7859000e-01   1.0225300e-07
   1.5500000e+01   5.0000000e+01   2.9014000e-01   5.8269200e-08
   7.5000000e+00   5.0000000e+01   1.2230000e-01   2.8194800e-08
   7.5000000e+00   6.0000000e+01   2.3911000e+01   2.7348500e-08
   1.8100000e+01   6.0000000e+01   2.0849000e+01   6.6000900e-08
   2.6600000e+01   6.0000000e+01   4.7790000e+01   9.6995900e-08
   3.6200000e+01   6.0000000e+01   7.6897000e+01   1.3200200e-07
   4.6200000e+01   6.0000000e+01   1.1076300e+02   1.6846600e-07
   5.6100000e+01   6.0000000e+01   1.4643900e+02   2.0456600e-07
   6.4400000e+01   6.0000000e+01   1.8185500e+02   2.3483200e-07
   7.0500000e+01   6.0000000e+01   2.1032000e+02   2.5707500e-07
   8.4000000e+01   6.0000000e+01   2.6080400e+02   3.0630300e-07
   9.6300000e+01   6.0000000e+01   3.1981100e+02   3.5115400e-07
   8.3000000e+00   6.0000000e+01   2.9818000e+01   3.0265600e-08
   1.7700000e+01   6.0000000e+01   2.1437000e+01   6.4542400e-08
   2.5200000e+01   6.0000000e+01   4.9315000e+01   9.1890800e-08
   3.6200000e+01   6.0000000e+01   8.5704000e+01   1.3200200e-07
   4.5300000e+01   6.0000000e+01   1.1610300e+02   1.6518500e-07
   5.4900000e+01   6.0000000e+01   1.5335000e+02   2.0019100e-07
   6.4600000e+01   6.0000000e+01   1.9288500e+02   2.3556100e-07
   7.5100000e+01   6.0000000e+01   2.3729000e+02   2.7384900e-07
   8.5000000e+01   6.0000000e+01   2.7554100e+02   3.0994900e-07
   9.5700000e+01   6.0000000e+01   3.2395700e+02   3.4896600e-07
   7.4000000e+00   6.0000000e+01   3.5602000e+01   1.3438500e-07
   1.5700000e+01   6.0000000e+01   1.1190000e+02   2.8511400e-07
   2.5000000e+01   6.0000000e+01   2.1009700e+02   4.5400200e-07
   3.5900000e+01   6.0000000e+01   3.4888100e+02   6.5194700e-07
   4.6400000e+01   6.0000000e+01   4.9108300e+02   8.4262800e-07
   5.1200000e+01   6.0000000e+01   5.7108700e+02   9.2979700e-07
   6.6400000e+01   6.0000000e+01   7.8321200e+02   1.2058300e-06
   7.7100000e+01   6.0000000e+01   9.4749600e+02   1.4001400e-06
   8.6300000e+01   6.0000000e+01   1.0852530e+03   1.5672200e-06
   9.5700000e+01   6.0000000e+01   1.2059180e+03   1.7379200e-06
   6.5000000e+00   6.0000000e+01   4.2458000e+01   1.1804100e-07
   1.6600000e+01   6.0000000e+01   1.3365800e+02   3.0145800e-07
   2.5800000e+01   6.0000000e+01   2.3119800e+02   4.6853000e-07
   3.6300000e+01   6.0000000e+01   3.7150600e+02   6.5921100e-07
   4.1200000e+01   6.0000000e+01   4.3769500e+02   7.4819600e-07
   5.4300000e+01   6.0000000e+01   6.0719800e+02   9.8609300e-07
   6.4800000e+01   6.0000000e+01   7.6623800e+02   1.1767700e-06
   7.5900000e+01   6.0000000e+01   9.2035600e+02   1.3783500e-06
   8.5100000e+01   6.0000000e+01   1.0566040e+03   1.5454200e-06
   9.5500000e+01   6.0000000e+01   1.2187910e+03   1.7342900e-06
   7.4000000e+00   6.0000000e+01   1.8325800e+02   5.3967600e-07
   1.6200000e+01   6.0000000e+01   4.4116000e+02   1.1814500e-06
   2.6300000e+01   6.0000000e+01   7.8977800e+02   1.9180400e-06
   3.6100000e+01   6.0000000e+01   1.1265700e+03   2.6327400e-06
   4.4200000e+01   6.0000000e+01   1.4193000e+03   3.2234700e-06
   5.5800000e+01   6.0000000e+01   1.8564620e+03   4.0694500e-06
   6.6300000e+01   6.0000000e+01   2.2420720e+03   4.8352100e-06
   7.3200000e+01   6.0000000e+01   2.4877980e+03   5.3384200e-06
   8.2700000e+01   6.0000000e+01   2.8353110e+03   6.0312500e-06
   9.6100000e+01   6.0000000e+01   3.3005720e+03   7.0085000e-06
   8.3000000e+00   6.0000000e+01   1.9553100e+02   6.0531200e-07
   1.7800000e+01   6.0000000e+01   4.8930300e+02   1.2981400e-06
   2.6700000e+01   6.0000000e+01   7.9111000e+02   1.9472100e-06
   3.5400000e+01   6.0000000e+01   1.0968590e+03   2.5816900e-06
   4.3600000e+01   6.0000000e+01   1.4052530e+03   3.1797100e-06
   5.5200000e+01   6.0000000e+01   1.8266650e+03   4.0256900e-06
   6.6400000e+01   6.0000000e+01   2.2435660e+03   4.8425000e-06
   7.5900000e+01   6.0000000e+01   2.5829470e+03   5.5353300e-06
   8.5200000e+01   6.0000000e+01   2.9132260e+03   6.2135700e-06
   9.5600000e+01   6.0000000e+01   3.2871510e+03   6.9720300e-06
   7.5000000e+00   6.0000000e+01   6.5196400e+02   2.7213100e-06
   1.5800000e+01   6.0000000e+01   1.4149830e+03   5.7328900e-06
   2.5400000e+01   6.0000000e+01   2.3510620e+03   9.2161600e-06
   3.5700000e+01   6.0000000e+01   3.3269130e+03   1.2953400e-05
   4.3800000e+01   6.0000000e+01   4.0245610e+03   1.5892400e-05
   5.5900000e+01   6.0000000e+01   4.9926890e+03   2.0282800e-05
   6.2700000e+01   6.0000000e+01   5.4800370e+03   2.2750100e-05
   7.4100000e+01   6.0000000e+01   6.2002990e+03   2.6886500e-05
   8.3900000e+01   6.0000000e+01   6.7484500e+03   3.0442400e-05
   9.5500000e+01   6.0000000e+01   7.2965870e+03   3.4651300e-05
   6.9000000e+00   6.0000000e+01   5.7675000e+02   2.5036000e-06
   1.5500000e+01   6.0000000e+01   1.3872250e+03   5.6240300e-06
   2.5800000e+01   6.0000000e+01   2.3847240e+03   9.3612900e-06
   3.5100000e+01   6.0000000e+01   3.2653770e+03   1.2735700e-05
   4.5800000e+01   6.0000000e+01   4.2012180e+03   1.6618100e-05
   5.4900000e+01   6.0000000e+01   4.9127060e+03   1.9920000e-05
   6.5400000e+01   6.0000000e+01   5.6522580e+03   2.3729800e-05
   7.6200000e+01   6.0000000e+01   6.3150200e+03   2.7648500e-05
   8.2000000e+01   6.0000000e+01   6.6381090e+03   2.9753000e-05
   9.6200000e+01   6.0000000e+01   7.3199670e+03   3.4905300e-05
   7.5000000e+00   6.0000000e+01   1.3606100e+03   8.1233000e-06
   1.6100000e+01   6.0000000e+01   2.8860520e+03   1.7438000e-05
   2.4700000e+01   6.0000000e+01   4.3154860e+03   2.6752700e-05
   3.5000000e+01   6.0000000e+01   5.7476180e+03   3.7908700e-05
   4.3500000e+01   6.0000000e+01   6.6823350e+03   4.7115200e-05
   5.6000000e+01   6.0000000e+01   7.7464320e+03   6.0654000e-05
   6.7000000e+01   6.0000000e+01   8.4375900e+03   7.2568200e-05
   7.5900000e+01   6.0000000e+01   8.8641630e+03   8.2207800e-05
   8.1600000e+01   6.0000000e+01   9.0917600e+03   8.8381500e-05
   9.5800000e+01   6.0000000e+01   9.5487110e+03   1.0376200e-04
   7.7000000e+00   6.0000000e+01   1.3706100e+03   8.3399200e-06
   1.5100000e+01   6.0000000e+01   2.7062040e+03   1.6354900e-05
   2.4400000e+01   6.0000000e+01   4.2522380e+03   2.6427800e-05
   3.5200000e+01   6.0000000e+01   5.7670180e+03   3.8125400e-05
   4.5500000e+01   6.0000000e+01   6.8685010e+03   4.9281400e-05
   5.5400000e+01   6.0000000e+01   7.7158720e+03   6.0004100e-05
   6.5100000e+01   6.0000000e+01   8.3437800e+03   7.0510300e-05
   7.5200000e+01   6.0000000e+01   8.8400390e+03   8.1449700e-05
   8.4700000e+01   6.0000000e+01   9.2258010e+03   9.1739200e-05
   9.6000000e+01   6.0000000e+01   9.6060030e+03   1.0397800e-04
